((("setq" .
   [2 0 0 0])
  ("set" .
   [1 0 0])
  ("lamda.vec" .
   [1 0 0 0 0 0 0 0 0])
  ("beta.mat" .
   [2 0 0 0 0 0 0 0])
  ("exp" .
   [1 0 0])
  ("F" .
   [1])
  ("Find" .
   [1 0 0 0])
  ("table" .
   [1 0 0 0 0])
  ("nrow" .
   [1 0 0 0])
  ("NROW" .
   [0 0 0 2])
  ("which" .
   [1 0 0 0 0])
  ("which.min" .
   [1 0 0 0 0 0 0 0 0])
  ("print" .
   [1 0 0 0 0])
  ("hist" .
   [1 0 0 0])
  ("lm" .
   [1 0])
  ("help" .
   [2 0 0 0])
  ("RShowDoc" .
   [0 0 0 0 0 1 0 0])
  ("license" .
   [1 0 0 0 0 0 0])
  ("apply" .
   [1 0 0 0 0])
  ("VecCount" .
   [0 0 1 1 0 0 0 0])
  ("rep" .
   [3 0 0])
  ("ets" .
   [1 0 0])
  ("simulate.Arima" .
   [0 0 0 0 2 0 0 0 0 0 0 0 0 0])
  ("Arima" .
   [1 0 0 0 0])
  ("chooseCRANmirror" .
   [0 0 0 0 0 0 0 1 0 0 0 0 0 0 0 0])
  ("p" .
   [2])
  ("get" .
   [2 0 0])
  ("example" .
   [1 0 0 1 1 0 0])
  ("with" .
   [0 0 0 1])
  ("install.packages" .
   [0 0 0 0 0 0 0 1 0 0 0 0 0 0 0 0])
  ("matrix" .
   [1 0 0 0 0 0])
  ("pmax" .
   [3 0 0 0])
  ("pmin" .
   [1 0 0 0])
  ("quantile" .
   [2 0 0 0 0 0 0 0])
  ("rle" .
   [2 0 0])
  ("rev" .
   [5 0 0])
  ("sort" .
   [2 0 0 0])
  ("sweep" .
   [1 0 0 0 0])
  ("med.att" .
   [2 0 0 0 0 0 0])
  ("attitude" .
   [0 0 0 0 0 0 1 0])
  ("data.matrix" .
   [0 0 0 0 0 0 0 1 0 0 0])
  ("expand.grid" .
   [0 0 0 0 0 0 2 0 0 0 0])
  ("aperm" .
   [1 0 0 0 0])
  ("rcond" .
   [0 0 0 0 1])
  ("seq" .
   [3 0 0])
  ("sapply" .
   [2 0 0 0 0 0])
  ("mapply" .
   [1 0 0 0 0 0])
  ("rapply" .
   [2 0 0 0 0 0])
  ("strsplit" .
   [1 0 0 0 1 0 1 0])
  ("Posdef" .
   [0 0 0 1 0 0])
  ("function" .
   [0 0 0 1 2 0 0 0])
  ("if" .
   [2 0])
  ("length" .
   [2 0 0 0 0 0])
  ("tmp" .
   [7 0 0])
  ("tmp1" .
   [7 0 0 0])
  ("makeVector" .
   [0 0 0 0 0 1 1 0 0 0])
  ("test" .
   [6 0 0 0])
  ("str" .
   [2 0 0])
  ("cachemean" .
   [1 0 0 1 1 0 1 0 0])
  ("environment" .
   [0 0 0 1 1 0 0 0 0 0 0])
  ("tmp1$get" .
   [2 0 0 0 0 2 0 0])
  ("tmp1$set" .
   [1 0 0 0 0 0 0 0])
  ("tmp1$getmean" .
   [0 0 0 0 0 0 0 0 0 1 0 0])
  ("tmp0$getmean" .
   [0 0 0 0 0 2 0 0 0 0 0 0])
  ("tmp0" .
   [4 0 0 0])
  ("tmp0$setmean" .
   [0 0 0 0 0 0 0 1 1 0 0 0])
  ("mean" .
   [3 0 0 0])
  ("attributes" .
   [0 0 0 0 0 0 0 1 0 0])
  ("dim" .
   [1 0 0])
  ("some" .
   [1 0 0 0])
  ("in" .
   [1 0])
  ("be" .
   [2 0])
  ("more" .
   [1 0 0 0])
  ("before" .
   [1 0 0 0 0 0])
  ("grep" .
   [1 0 0 0])
  ("paste" .
   [2 0 0 0 0])
  ("rm" .
   [2 0])
  ("ls" .
   [4 0])
  ("search" .
   [1 0 0 0 0 0])
  ("data" .
   [5 0 0 0])
  ("read.table" .
   [1 0 0 0 0 0 0 0 0 0])
  ("is.na" .
   [1 0 0 0 0])
  ("attach" .
   [2 0 0 0 0 0])
  ("stack" .
   [1 0 0 0 0])
  ("unstack" .
   [1 0 0 0 0 0 0])
  ("merge" .
   [1 0 0 0 0])
  ("aggregate" .
   [0 0 0 0 0 1 0 0 0])
  ("unique" .
   [1 0 0 0 0 0])
  ("order" .
   [2 0 1 0 0])
  ("rnorm" .
   [2 0 0 0 0])
  ("plot" .
   [1 0 0 0])
  ("rug" .
   [1 0 0])
  ("INFILE" .
   [1 0 0 0 0 0])
  ("delimiter" .
   [0 0 0 0 0 1 0 0 0])
  ("i" .
   [1])
  ("Identifier" .
   [0 0 0 1 0 0 0 0 0 0])
  ("RUN" .
   [2 0 0])
  ("PROC" .
   [1 0 0 0])
  ("PRINT" .
   [1 0 0 0 0])
  ("wine" .
   [1 0 0 0])
  ("c" .
   [5])
  ("email" .
   [2 0 0 0 0])
  ("from" .
   [4 0 0 0])
  ("class" .
   [1 0 0 0 0])
  ("grepl" .
   [1 0 0 0 0])
  ("m.data" .
   [2 0 0 0 0 0])
  ("craps" .
   [4 0 0 0 0])
  ("getwd" .
   [1 0 0 0 0])
  ("model" .
   [1 0 0 0 0])
  ("doc.names" .
   [1 0 0 0 0 0 0 0 0])
  ("doc.path" .
   [1 0 0 0 0 0 0 0])
  ("doc" .
   [1 0 0])
  ("game" .
   [1 0 0 0])
  ("sum" .
   [1 0 0])
  ("r" .
   [1])
  ("return" .
   [2 0 0 0 0 0])
  ("else" .
   [1 0 0 0])
  ("haha" .
   [3 0 0 0])))
